1 2 3 17 21 24 26 29 33 40 47 
8 14 18 19 21 23 28 30 37 40 44 
8 15 25 30 34 41 43 44 45 46 48 
8 15 20 22 24 27 29 40 41 42 44 
3 4 5 19 32 33 34 35 43 46 47 
3 6 10 13 17 20 24 29 36 39 41 
4 5 6 17 18 19 20 31 40 43 44 
3 7 14 21 23 24 25 28 43 44 47 
1 2 3 4 13 20 25 30 39 40 41 
5 9 12 19 22 26 41 44 45 46 48 
3 6 13 17 18 20 27 36 38 39 40 
8 10 15 25 26 27 28 43 45 46 47 
8 9 11 18 21 25 29 45 46 47 48 
3 10 13 14 17 28 30 32 37 44 
2 6 11 13 16 18 23 25 30 37 48 
1 10 15 17 20 22 24 27 34 37 41 
2 3 5 6 7 18 36 38 39 40 41 
9 11 14 16 18 21 25 28 35 43 46 
9 11 12 13 26 27 37 39 40 41 42 
1 12 14 15 16 19 26 43 44 45 46 
4 5 6 8 18 19 23 30 33 37 44 
11 13 22 25 28 29 32 35 36 42 43 
4 16 18 20 23 25 30 32 35 39 42 
8 10 17 20 24 27 29 46 
6 7 8 9 10 11 26 37 46 47 48 
6 10 13 15 17 24 27 31 34 41 43 
3 16 17 18 19 31 33 34 35 38 
1 6 13 15 16 17 18 38 39 40 43 
1 6 8 15 18 19 20 22 39 42 46 
1 2 15 19 22 26 29 33 35 40 43 
1 8 13 15 18 20 22 35 42 45 
3 5 6 10 15 17 24 33 40 43 47 
1 5 8 12 17 19 30 31 32 33 46 
6 11 15 18 22 25 32 36 47 48 
1 8 14 15 17 21 22 40 41 42 45 
5 6 21 23 25 28 32 35 39 46 
1 8 15 18 20 25 32 36 39 43 48 
1 10 14 17 24 27 34 37 38 41 48 
2 7 9 14 19 21 26 28 30 33 44 
4 6 11 13 20 24 34 37 41 48 
4 6 11 20 22 29 36 40 41 42 43 
8 12 13 14 29 30 32 33 34 35 46 
1 3 10 21 23 28 30 35 37 42 47 
7 14 22 23 24 25 28 36 37 38 
4 8 11 18 30 31 32 33 42 44 
1 3 10 29 32 33 34 36 43 45 
5 12 15 19 29 30 31 32 44 45 
3 4 5 6 8 15 18 28 31 38 45 
4 5 6 7 24 31 36 40 41 42 45 
3 4 5 6 18 22 29 43 47 48 
1 6 7 22 25 26 27 28 29 36 
3 5 12 15 19 21 22 36 37 38 39 
4 5 6 16 18 21 23 30 37 39 40 
7 8 11 18 25 43 44 46 47 48 
3 4 16 23 25 30 43 44 45 46 
9 10 11 12 23 28 35 39 40 42 44 
9 13 14 16 18 23 25 28 30 32 
3 14 19 24 26 31 33 38 45 47 48 
3 4 15 19 20 21 24 31 35 38 45 
7 11 14 16 18 23 25 30 35 37 47 
5 12 19 26 29 30 35 43 45 46 47 
10 12 13 14 17 24 26 31 40 41 45 
2 7 12 14 19 21 26 30 33 37 42 
6 7 11 28 32 35 42 45 46 47 
3 5 10 17 21 24 29 36 39 40 41 
5 6 8 17 18 19 20 22 29 36 40 
1 8 10 15 17 22 24 33 35 42 45 
1 3 4 5 16 20 21 37 38 39 40 
10 11 12 13 30 31 35 43 46 47 48 
7 14 16 18 19 21 28 30 46 47 48 
7 11 18 20 22 25 29 32 34 35 36 
1 8 11 14 15 21 32 33 34 35 48 
1 22 23 24 25 27 34 36 41 43 45 
2 4 6 9 18 19 20 36 37 38 39 
2 3 4 5 14 18 21 25 32 43 
2 4 7 9 24 27 31 34 38 41 45 
2 7 9 16 20 21 23 38 39 40 
8 9 10 11 33 35 37 38 47 48 
3 6 13 15 28 35 37 38 39 40 42 
1 3 4 8 15 19 26 28 31 33 40 
7 14 15 25 26 27 36 37 38 39 
5 6 7 16 25 27 28 32 37 39 46 
3 8 10 14 15 17 24 33 40 44 47 
6 7 9 16 23 28 33 43 44 45 46 
4 11 21 22 24 28 31 35 38 45 48 
5 9 12 14 16 19 21 23 30 33 42 
4 5 8 23 30 33 34 35 37 44 
7 9 10 11 12 25 30 32 34 37 39 
2 4 5 6 7 9 19 45 47 48 
12 15 21 22 28 29 32 36 46 47 48 
9 13 14 25 26 27 28 39 40 41 43 
8 15 18 19 20 21 30 32 33 34 46 
3 4 7 14 15 21 22 28 29 40 45 
12 13 15 17 24 31 33 34 35 38 47 
11 15 22 24 26 29 31 33 38 45 47 
2 16 17 18 32 33 34 35 36 48 
10 12 15 17 22 24 29 34 36 39 41 
5 17 19 22 24 26 31 33 38 48 
2 16 17 18 19 35 42 43 44 47 
2 3 4 5 18 19 33 35 46 47 48 
8 9 10 11 20 21 32 35 42 46 
10 11 12 13 15 28 41 42 43 44 45 
12 14 17 21 24 28 38 39 40 41 43 
2 3 4 6 7 21 24 28 35 39 42 
8 9 10 27 29 30 39 40 41 42 43 
1 2 3 14 16 18 19 31 32 33 34 
6 10 15 17 20 24 27 34 37 41 44 
4 5 6 7 17 26 30 33 35 37 40 
3 10 13 14 17 31 32 33 34 44 46 
7 9 10 12 19 26 29 33 36 43 45 
13 14 22 23 24 28 33 35 42 43 
1 2 3 4 6 16 17 27 30 31 32 
6 8 31 32 33 34 44 45 47 48 
5 8 9 14 21 28 29 38 39 40 41 
1 3 4 5 6 18 19 20 35 40 47 
2 5 9 12 16 19 26 30 31 43 
6 9 11 13 18 20 22 23 25 32 36 
3 12 23 24 27 34 41 43 44 45 46 
16 17 19 26 31 33 42 43 44 45 46 
7 10 14 21 22 28 37 38 39 41 42 
8 10 11 12 14 30 31 32 33 48 
12 19 21 23 28 30 35 37 39 44 
2 3 4 14 17 18 30 31 32 33 42 
3 4 7 14 19 21 28 38 40 41 42 
7 12 14 16 17 21 37 38 39 40 42 
14 17 21 24 26 28 31 33 35 45 48 
3 5 6 7 8 15 24 25 26 27 46 
1 2 3 14 21 28 31 35 36 47 48 
7 12 14 21 24 25 26 29 40 47 
1 4 5 8 15 30 31 32 33 43 
3 10 19 23 26 28 30 33 37 40 
5 8 9 14 21 28 36 45 46 47 48 
2 12 13 23 30 34 37 41 44 46 48 
5 7 12 14 15 19 22 26 29 47 
3 4 7 14 15 16 17 18 21 37 
3 4 16 18 19 20 36 37 38 39 
6 15 16 21 26 30 33 37 40 44 47 
4 5 6 9 19 21 26 28 30 33 40 
3 4 6 22 23 24 25 28 36 37 38 
1 4 8 11 15 18 25 28 29 41 42 
1 7 14 15 16 19 21 26 28 29 33 
1 6 8 13 15 20 27 36 38 43 48 
2 4 6 11 13 15 16 18 20 25 29 
3 5 6 7 10 15 17 24 38 39 
11 12 13 14 23 36 38 40 41 42 45 
1 3 6 8 15 17 22 24 27 28 31 
2 12 19 21 22 23 24 44 45 46 47 
3 5 6 18 21 25 32 44 45 46 47 
2 3 4 5 19 26 28 29 30 31 42 
2 13 14 16 23 30 33 34 35 37 46 
9 10 11 12 21 30 32 34 35 37 44 
1 3 8 10 13 15 22 32 33 34 37 
6 7 8 18 19 20 30 31 32 33 45 
1 4 11 21 23 28 35 38 39 40 42 
2 7 17 24 26 31 33 35 38 40 42 
9 10 11 13 25 29 32 39 41 42 46 
3 12 13 14 16 23 27 36 37 38 39 
3 12 13 14 15 17 24 27 34 41 48 
9 12 16 19 26 28 33 36 37 38 42 
3 10 14 15 17 19 21 24 26 33 45 
7 14 23 25 27 34 37 38 39 41 48 
1 16 17 18 19 29 34 41 44 45 46 
11 18 21 25 28 29 30 35 42 44 47 
7 9 18 19 20 21 23 30 35 37 42 
9 12 16 25 29 32 36 39 41 43 46 
8 10 13 15 17 22 26 27 28 29 31 
6 9 10 11 30 31 32 33 35 43 44 
1 2 11 13 18 25 27 32 34 37 41 
12 14 15 16 17 19 28 37 38 39 40 
2 7 12 14 19 26 33 35 36 37 38 
2 9 24 26 28 33 40 44 45 
5 19 24 26 29 31 38 47 
10 11 12 13 22 27 29 31 36 40 41 
5 9 16 20 21 23 30 33 40 43 47 
7 14 17 21 22 24 28 31 36 46 47 
8 9 11 12 13 14 25 34 37 41 48 
6 8 9 10 11 23 30 32 33 37 
8 11 15 18 22 31 32 33 45 48 
1 3 4 16 19 21 23 26 30 33 40 
4 8 11 18 21 25 30 37 47 48 
19 20 22 29 32 33 34 35 36 45 48 
9 11 12 13 25 34 36 37 38 39 41 
13 15 20 22 27 29 31 34 43 44 47 
7 16 23 25 26 27 28 30 44 46 47 
4 5 17 18 19 20 22 37 38 39 
2 3 7 12 19 22 28 35 42 
1 6 22 27 28 29 36 43 45 46 47 
6 13 16 17 18 30 32 46 47 48 
2 9 21 22 28 33 35 36 37 38 42 
5 6 7 8 22 28 35 37 38 39 40 
2 7 11 18 20 25 27 44 45 46 47 
3 4 5 6 23 26 30 42 44 45 46 
2 7 10 12 14 22 34 35 49 62 64 66 72 74 76 82 84 94 98 99 
1 14 15 16 34 48 51 52 54 58 60 64 68 74 84 90 91 97 98 
1 6 7 10 11 28 30 33 34 35 36 52 53 66 67 68 74 80 84 94 
8 10 14 15 16 22 34 35 36 48 52 53 56 58 68 71 72 78 99 
8 9 11 12 25 30 31 40 43 50 53 56 63 71 73 79 81 89 96 99 
2 3 15 19 22 32 36 48 51 53 54 55 56 58 68 80 82 83 84 90 
3 13 26 27 28 29 34 41 51 53 55 65 71 75 78 91 92 98 99 
7 9 10 12 17 25 35 43 45 49 53 55 57 59 63 77 79 89 94 99 
1 16 19 20 23 24 38 39 40 42 43 44 45 65 66 67 79 85 95 97 
11 14 16 21 24 31 36 37 38 39 51 52 53 55 59 76 77 82 90 92 
12 16 17 20 24 30 34 38 40 41 44 48 58 64 68 89 92 95 96 99 
2 8 15 18 28 30 35 36 40 48 50 52 53 60 71 80 81 84 85 86 
1 2 10 17 20 21 22 23 24 30 52 56 62 76 78 80 88 90 96 
1 5 11 15 21 31 38 44 48 50 51 58 65 66 81 90 95 96 97 
3 7 11 13 15 21 23 25 35 38 64 66 68 69 81 82 83 84 89 90 
7 8 11 12 13 14 29 33 34 53 54 55 60 72 77 85 87 89 97 99 
4 11 20 23 24 25 26 28 30 40 42 62 63 67 68 69 75 83 85 93 
1 3 8 11 18 28 47 50 51 55 57 65 67 83 84 87 88 89 91 
3 13 21 23 29 36 42 49 52 54 55 56 69 72 74 75 79 82 89 99 
5 6 7 10 23 29 33 35 36 37 39 54 56 62 70 72 80 90 97 
5 15 17 20 25 27 30 35 41 42 43 62 64 72 76 91 94 95 96 
7 23 24 25 28 31 41 45 46 49 61 63 64 65 66 84 85 97 98 99 
1 2 3 6 16 39 40 42 45 64 66 70 72 74 82 87 88 89 90 92 
1 2 15 20 25 30 35 40 41 51 56 57 58 59 63 71 89 90 92 94 
2 3 5 6 7 20 24 42 47 54 57 64 70 74 86 87 91 92 
12 14 15 16 19 20 22 32 40 44 52 59 60 62 65 72 82 97 99 
1 4 21 26 27 28 33 43 53 56 57 59 69 74 75 76 77 89 92 99 
4 5 7 9 10 27 29 33 34 39 49 62 69 72 74 75 76 77 82 99 
1 4 6 11 18 19 20 31 35 36 37 38 40 52 62 67 72 77 85 95 
7 20 22 24 25 26 27 30 52 53 54 57 58 60 70 71 74 75 76 99 
4 12 20 24 25 30 52 55 58 59 60 62 72 75 89 91 92 93 94 99 
5 15 20 25 35 38 39 40 52 54 55 56 70 73 74 78 90 95 96 
2 3 4 5 8 18 20 30 35 40 42 45 47 60 62 72 82 87 89 99 
8 12 18 24 25 26 28 44 45 46 47 52 60 67 68 72 82 85 90 95 
2 6 7 10 20 25 35 37 45 47 51 52 53 67 75 95 96 97 
1 2 6 10 20 21 22 24 30 37 38 44 56 66 76 79 86 89 91 99 
7 10 22 23 26 29 39 49 55 62 65 70 72 78 82 85 88 92 95 98 
7 15 21 25 29 30 31 33 41 50 53 66 70 73 76 80 83 86 93 96 
7 17 20 22 23 24 27 30 41 44 45 70 74 76 80 81 90 91 96 
2 19 20 23 31 36 38 48 51 52 53 54 58 66 71 72 92 93 
8 11 16 26 29 30 31 32 33 45 63 69 73 76 79 83 89 95 96 99 
3 7 9 15 17 22 23 27 37 42 43 44 69 70 72 73 76 86 92 96 
1 2 14 15 16 35 36 37 49 50 51 52 53 54 56 70 72 74 96 97 
1 2 3 16 17 34 35 41 47 48 49 50 51 64 67 69 81 83 84 85 
3 17 18 25 42 43 45 48 49 64 65 66 68 72 78 88 94 95 96 
5 7 9 11 15 19 29 47 65 66 67 68 71 73 81 89 93 94 95 99 
2 4 12 27 28 29 30 33 34 35 41 47 51 60 65 66 67 71 86 87 
14 15 21 29 31 33 34 41 51 54 57 59 69 73 75 83 85 87 93 95 
4 14 16 18 22 24 26 39 45 49 53 63 68 69 70 73 83 91 96 97 
14 15 16 17 19 21 41 45 51 53 57 61 63 69 70 82 84 85 86 92 
2 14 15 16 17 20 38 39 51 58 59 60 63 64 80 87 92 93 94 97 
7 8 13 26 28 31 32 33 36 46 48 50 56 60 63 85 86 87 92 93 
3 4 5 18 32 33 35 36 37 51 54 64 66 76 78 80 81 82 86 96 
3 7 13 23 28 33 35 41 51 55 58 59 61 65 80 91 92 94 95 96 
5 11 12 17 20 27 30 32 37 42 55 56 57 58 80 82 95 97 98 99 
5 7 21 23 25 26 27 31 46 53 56 69 79 82 85 86 87 89 92 99 
6 13 16 20 21 23 26 30 36 40 43 55 60 63 65 75 81 82 98 99 
6 8 9 10 11 31 36 40 46 50 56 63 66 71 73 78 85 88 95 98 
4 6 7 11 14 19 37 38 39 40 45 61 71 78 80 81 83 88 90 
8 10 18 21 23 31 33 43 46 47 48 50 53 65 68 69 87 88 89 92 
4 8 9 25 27 28 33 46 47 48 49 53 63 68 71 73 81 96 97 98 
17 19 21 22 23 24 27 29 39 53 60 72 74 75 79 80 82 87 92 99 
3 4 10 32 35 36 38 40 42 52 65 67 72 75 79 80 82 85 92 95 
5 12 15 17 18 19 43 49 55 59 62 65 69 72 77 90 95 96 97 98 
15 16 17 21 30 36 38 40 41 48 56 60 66 76 81 86 88 89 90 91 
4 11 14 26 28 29 30 33 43 47 50 53 57 63 67 85 95 97 99 
9 10 13 26 28 31 33 34 36 38 41 46 51 59 69 79 83 89 95 97 
2 28 32 34 35 36 38 40 51 58 61 68 74 75 76 78 88 90 92 
11 14 20 24 27 28 34 47 57 61 71 74 79 81 84 86 91 94 99 
1 6 8 18 25 26 28 46 49 51 52 53 54 59 67 77 82 83 87 99 
2 3 4 5 7 8 26 32 42 47 50 52 72 76 78 82 86 92 99 
15 17 19 25 27 33 37 39 43 47 51 53 61 71 78 84 86 96 99 
2 5 6 7 20 23 25 30 33 43 46 47 48 51 53 61 77 79 83 84 
14 18 21 26 31 33 36 38 43 46 48 58 62 63 64 68 81 84 94 98 
3 4 10 32 34 36 42 44 48 49 50 54 67 74 89 91 92 93 94 99 
5 7 9 15 27 29 30 52 55 58 59 60 62 65 75 85 87 88 89 91 
3 5 11 20 21 31 36 37 38 54 58 61 64 68 74 80 84 90 96 97 
7 10 13 14 17 29 32 33 34 58 65 68 70 71 73 75 78 81 85 88 
2 7 12 14 17 19 22 27 29 37 52 56 59 62 69 72 75 77 85 90 
2 3 16 17 18 21 30 49 51 52 59 64 66 67 69 74 84 92 94 96 
1 2 7 8 10 29 33 43 47 60 63 67 71 73 77 81 83 87 91 97 
1 3 4 10 17 24 27 29 37 39 62 69 75 79 85 89 97 
6 11 16 18 20 21 26 33 34 38 48 70 71 73 76 77 78 81 
8 13 16 18 23 30 31 41 45 48 58 62 68 78 81 82 83 96 97 98 
4 11 17 24 29 34 39 42 44 49 52 59 67 74 75 89 94 95 96 99 
2 3 5 15 19 25 32 35 38 42 56 59 69 74 79 84 94 96 97 
3 5 7 13 15 23 25 33 38 39 41 57 58 59 81 87 88 93 94 
7 10 14 20 39 43 46 49 51 56 61 71 73 78 79 80 81 83 93 98 
4 7 8 9 11 14 32 42 44 45 46 49 59 61 66 71 81 91 94 98 
3 4 6 9 16 26 29 39 43 57 62 63 64 67 81 82 83 84 89 96 
1 2 3 8 9 25 27 41 43 45 51 55 61 76 77 78 79 81 93 94 
7 10 12 13 14 15 17 32 38 40 42 52 67 77 79 93 94 97 98 99 
4 5 11 12 18 20 26 28 31 36 38 40 41 46 51 56 72 73 76 95 
1 3 5 6 7 8 20 21 24 25 31 46 56 63 66 68 70 73 78 83 
2 12 14 16 17 18 22 24 41 43 44 46 47 48 49 62 69 79 85 92 
13 15 16 17 18 23 40 41 45 47 51 53 55 57 67 72 79 98 
4 5 8 29 32 33 35 36 37 53 54 57 67 71 75 77 80 81 87 91 
8 15 18 22 28 32 40 50 51 53 56 57 58 61 63 71 77 80 81 93 
10 13 23 25 26 27 51 53 55 56 57 58 60 61 71 73 74 80 88 98 
16 19 20 23 26 31 33 36 38 39 43 46 60 73 74 78 79 80 92 97 
2 7 12 19 22 24 29 39 47 51 52 53 54 57 69 76 83 86 89 90 
12 13 14 18 20 28 35 45 47 55 57 59 61 69 79 81 84 89 94 97 
1 6 11 14 16 21 30 31 33 43 45 46 53 72 74 75 93 98 99 
4 17 30 40 46 51 52 53 56 58 72 74 75 76 77 79 80 94 95 96 
4 11 18 21 23 33 36 37 41 43 50 55 56 57 58 81 91 94 95 96 
4 5 6 10 18 20 24 30 34 49 56 57 59 61 69 71 75 79 83 99 
22 25 35 37 38 39 40 45 51 53 57 59 63 69 71 79 81 85 86 
1 2 3 18 19 33 34 35 48 54 62 76 79 80 86 91 92 93 94 98 
15 19 20 25 27 35 37 39 42 45 47 52 67 71 74 77 79 81 91 99 
1 2 3 7 8 24 27 28 29 45 53 55 59 73 77 78 79 80 83 99 
13 14 20 26 32 33 36 38 39 46 58 73 74 75 76 78 91 93 94 95 
7 10 17 21 25 30 31 35 37 45 47 52 55 57 62 74 81 84 94 97 
8 9 11 12 26 27 31 32 33 34 50 60 70 74 75 76 81 90 95 97 
2 3 17 18 19 20 25 33 35 45 49 51 52 69 72 76 79 84 86 89 
5 24 25 26 29 32 39 42 44 62 65 66 78 91 92 93 94 98 99 
12 14 20 22 30 37 40 42 47 54 60 64 70 72 74 77 80 82 84 99 
2 4 12 22 29 30 34 35 36 37 52 56 71 74 84 86 87 88 91 92 
3 5 8 9 10 13 15 23 25 31 33 37 39 47 62 63 79 85 86 91 
11 12 14 15 16 17 19 33 38 39 40 51 52 53 59 78 92 93 98 99 
14 15 18 19 20 40 43 46 48 50 51 61 68 71 73 74 75 81 94 95 
1 14 15 16 17 20 40 43 47 48 50 64 74 77 84 87 92 97 99 
9 12 13 14 19 32 35 36 37 38 40 42 55 62 68 69 72 82 90 96 
2 3 8 10 20 25 26 27 28 30 41 42 43 47 57 60 72 76 77 94 
5 7 15 30 32 33 34 35 40 50 54 55 57 61 71 74 77 81 89 99 
8 13 14 15 16 31 36 39 41 44 51 56 59 66 69 71 72 76 92 93 
2 14 19 20 33 34 35 37 38 59 63 67 69 77 79 81 84 87 94 97 
6 7 12 24 26 27 28 30 41 44 45 46 51 61 66 71 76 91 98 99 
5 6 9 10 11 31 34 35 36 37 54 55 57 67 72 77 92 94 95 96 
7 20 23 24 25 38 39 40 42 46 52 56 73 74 77 89 93 94 95 96 
7 12 13 14 15 31 32 37 38 45 51 58 70 73 80 83 85 90 93 95 
1 3 6 11 21 26 27 44 45 46 49 50 64 65 66 67 86 91 99 
6 7 8 9 12 28 29 31 36 46 56 61 62 68 74 76 84 88 89 94 
1 6 11 16 23 24 26 29 43 45 61 62 65 68 69 70 96 97 98 99 
8 9 10 21 23 29 39 45 46 47 53 70 82 89 90 92 94 95 96 97 
13 21 23 25 26 27 42 54 56 57 58 59 61 64 71 76 81 84 96 97 
2 9 10 14 15 16 37 38 39 40 44 58 59 60 64 71 74 76 86 88 
4 6 21 22 23 36 37 38 40 59 60 66 67 87 88 89 90 91 93 94 
3 4 5 8 18 20 30 34 35 36 37 40 58 62 63 66 70 81 82 89 
7 13 21 28 31 34 38 41 44 48 58 62 65 70 72 75 82 89 90 95 
9 13 16 29 35 37 39 47 49 66 69 72 76 79 82 84 86 89 94 99 
19 20 22 37 51 54 55 56 61 73 74 75 76 78 90 92 93 94 96 
15 18 19 20 25 35 38 40 45 50 53 57 63 69 71 73 76 77 89 99 
13 14 15 29 32 33 34 51 53 54 68 69 72 75 76 93 94 95 96 99 
3 7 8 11 20 40 42 52 54 55 58 59 62 72 88 89 90 93 94 95 
6 11 16 21 28 29 45 50 55 57 61 62 63 65 85 86 87 88 92 
1 6 22 23 24 29 39 42 46 47 60 62 63 76 77 78 79 81 82 83 
17 18 19 21 23 24 25 31 44 52 54 57 64 67 70 74 86 89 90 93 
1 6 9 10 14 16 24 47 50 57 67 70 71 72 77 85 93 
5 12 15 19 22 25 27 29 32 35 51 53 55 56 59 61 69 71 98 
2 3 5 17 18 22 30 40 41 43 44 45 46 50 70 71 72 78 80 
11 16 17 18 21 24 34 36 37 44 56 57 61 62 74 77 89 94 
1 11 15 17 19 20 27 35 40 50 53 56 60 63 73 75 79 83 89 
1 2 4 5 6 32 33 34 58 65 70 75 78 81 85 90 91 93 95 
8 13 14 15 18 20 44 45 46 47 52 65 66 67 73 86 87 91 92 94 
2 16 20 23 26 28 30 40 51 52 57 76 77 78 91 92 93 94 98 99 
2 7 20 21 43 44 45 46 61 74 75 76 79 92 93 94 96 97 
1 4 23 24 25 26 40 41 55 61 62 63 69 70 86 87 88 94 
11 24 25 39 43 44 45 47 49 59 65 66 67 80 82 83 86 88 90 
6 7 11 12 19 24 26 34 36 46 50 64 65 68 87 88 89 90 94 
11 16 17 19 21 23 33 41 43 45 47 49 51 53 59 61 66 67 69 98 
7 9 12 16 23 25 32 46 47 48 
3 4 6 18 27 34 41 43 44 45 46 
1 8 12 15 22 24 31 40 41 42 45 
4 11 18 21 25 30 34 41 44 45 48 
2 9 11 16 18 23 25 27 36 37 40 
8 12 19 21 28 31 32 33 35 36 42 
1 2 3 4 7 17 19 20 24 31 45 
6 10 13 15 17 20 27 36 45 46 47 
1 2 3 7 16 17 18 19 34 48 
1 8 12 23 24 25 36 39 40 41 42 
1 5 12 19 21 26 28 29 31 35 38 
7 9 10 21 28 31 32 33 35 36 42 
2 5 9 12 16 21 23 26 43 44 45 
12 13 14 17 31 32 33 34 36 43 45 
13 14 17 26 27 28 36 38 39 40 41 
11 12 13 14 15 25 32 35 36 37 39 
1 14 18 21 22 23 25 28 32 39 41 
7 21 22 24 28 29 36 39 40 41 42 
1 2 4 16 23 28 30 35 42 47 
3 10 15 17 24 33 34 44 47 48 
3 4 6 29 31 32 33 34 44 45 46 
12 14 15 16 17 21 26 37 38 39 40 
5 12 15 16 17 19 26 36 43 45 
2 4 9 16 18 25 27 28 32 39 
19 22 24 29 34 35 36 45 46 47 48 
1 4 8 11 18 27 28 40 43 
8 10 12 14 17 19 21 24 26 31 45 
1 5 7 8 15 19 20 21 22 33 34 
6 9 10 11 26 27 37 46 47 48 
2 7 14 16 17 18 19 34 41 45 48 
1 10 11 20 25 26 27 30 31 44 45 46 47 64 79 80 81 86 93 94 
10 11 12 13 15 18 20 25 33 35 40 58 64 66 74 76 86 91 92 96 
1 4 14 19 21 24 31 41 45 51 57 58 65 71 72 73 75 96 98 99 
5 8 9 22 23 24 25 27 41 48 49 50 69 70 72 74 82 97 98 99 
2 8 15 18 20 28 30 32 33 34 38 50 51 60 65 68 72 75 78 85 
3 5 6 18 19 33 37 43 47 53 61 63 65 80 81 82 83 90 98 
1 4 5 17 22 23 29 37 39 49 52 53 54 55 68 71 78 86 96 
2 4 17 19 20 33 34 36 46 56 60 62 68 72 82 90 
3 4 9 10 23 24 26 27 28 29 42 45 55 65 72 77 80 82 92 96 
4 12 14 19 20 22 32 40 46 56 64 66 68 76 80 82 92 97 98 99 
1 2 3 15 29 31 32 33 34 36 46 
4 9 16 20 21 23 25 30 39 40 41 
10 11 21 24 25 26 28 29 35 42 45 
12 15 19 22 26 29 31 33 35 45 46 
4 5 6 7 15 16 26 37 38 39 42 
1 2 3 17 24 29 33 43 44 45 46 
2 9 19 24 26 31 33 35 38 45 48 
1 3 4 5 6 16 17 28 30 35 42 
9 10 11 12 22 23 24 26 28 33 45 
3 6 13 23 30 33 34 35 37 44 46 
7 9 11 14 16 21 26 38 39 40 41 
7 18 19 20 22 31 32 33 34 46 47 
1 3 8 10 17 27 30 34 41 45 48 
3 6 7 10 17 30 32 33 34 35 47 
3 16 17 18 21 28 30 35 37 42 47 
2 3 12 14 19 26 39 40 41 42 43 
1 2 3 14 21 24 28 35 44 45 47 
4 8 9 11 18 25 29 34 47 48 
2 3 4 5 7 18 19 20 29 33 40 
7 10 17 20 27 31 34 36 38 41 45 
7 9 10 14 21 24 25 26 28 41 44 
3 12 24 25 26 27 41 43 44 45 48 
12 17 22 29 31 32 33 34 36 46 47 
1 4 6 13 23 24 25 26 43 44 45 
11 12 13 14 26 27 28 40 42 44 45 
7 9 10 12 14 21 25 32 39 46 
15 16 18 31 32 33 36 45 46 47 48 
8 10 13 17 20 22 24 27 34 36 37 
2 3 4 6 7 18 21 25 32 36 39 
3 10 14 17 19 24 33 34 35 47 48 
2 3 4 5 16 23 25 30 34 41 43 
1 2 5 12 19 24 31 33 36 38 45 
13 15 16 17 18 20 34 37 38 39 48 
1 16 17 18 20 37 39 40 41 42 44 
8 9 10 12 19 21 24 26 31 33 43 
2 3 4 5 20 21 22 23 24 40 44 
7 15 17 20 21 22 24 29 31 38 41 
4 14 15 16 21 26 28 36 37 38 39 
1 11 12 24 25 26 27 36 37 38 40 
3 5 8 10 17 24 26 27 28 46 47 
5 6 7 15 18 19 20 21 32 33 35 
2 3 4 5 7 17 26 27 39 40 41 
4 5 6 15 22 24 26 27 29 36 39 
1 6 13 15 16 17 20 27 31 38 42 
1 2 3 18 20 21 22 25 32 39 48 
2 12 16 17 19 26 29 30 31 33 46 
2 3 18 19 20 21 29 31 32 33 
1 3 4 5 6 24 31 36 38 41 43 
5 7 10 12 14 19 21 22 28 29 46 
1 6 13 18 20 25 27 29 38 39 40 
7 14 17 22 27 30 32 40 44 51 63 73 76 77 80 83 90 91 93 
5 7 11 15 19 21 31 38 43 56 57 58 59 62 72 82 85 86 98 99 
12 15 17 19 25 27 29 35 45 53 57 63 67 73 75 77 81 90 91 96 
11 14 15 16 33 34 41 47 48 49 51 55 63 67 73 80 83 87 90 93 
2 12 15 16 17 34 36 40 46 52 54 56 59 60 62 72 82 85 86 89 
12 25 26 27 30 31 46 48 49 50 53 54 72 73 74 75 80 92 
6 11 12 16 18 20 26 28 33 38 43 48 64 65 66 70 80 88 94 96 
11 19 20 21 31 37 41 43 57 58 62 70 72 76 77 78 82 97 99 
3 7 9 10 11 13 30 41 46 47 48 63 73 75 76 77 83 89 93 99 
2 3 6 8 9 10 16 34 38 44 48 50 51 54 56 58 68 88 89 95 
8 11 12 16 18 28 33 38 41 43 59 69 72 74 75 76 82 88 92 95 
2 6 8 9 10 16 24 28 34 41 44 68 69 81 82 83 84 86 88 96 
3 11 13 20 23 28 35 38 41 42 48 54 55 56 70 82 88 92 98 
11 12 14 24 32 34 42 46 52 59 60 65 66 72 84 86 87 88 89 91 
13 16 26 29 32 33 36 46 50 51 52 53 58 75 76 79 89 92 93 99 
2 9 12 14 15 16 29 31 32 33 39 49 59 64 74 78 91 93 95 96 
8 9 10 11 21 24 31 45 46 47 48 60 64 67 77 82 84 89 90 92 
17 18 20 23 24 39 45 46 51 58 61 63 68 71 78 84 85 86 88 90 
12 13 14 16 33 40 45 46 50 53 60 63 67 68 71 81 86 98 
13 18 19 20 32 33 34 39 51 54 55 57 58 61 76 77 78 79 81 95 
8 15 21 22 24 28 29 31 35 43 45 
6 8 10 11 15 22 24 26 33 40 47 
3 4 6 16 19 26 28 33 35 40 42 
6 10 17 21 33 34 35 43 44 45 46 
4 5 6 9 21 22 29 34 35 36 43 
7 8 15 21 26 28 33 35 40 42 43 
9 12 14 19 21 26 28 33 38 42 
1 11 28 30 31 32 35 46 47 48 
5 18 19 20 21 22 29 34 44 45 46 
1 4 5 6 19 35 36 37 38 39 42 
9 16 18 20 23 25 27 30 34 43 45 
8 9 10 11 13 28 29 30 39 40 41 
6 16 18 23 25 30 32 37 42 46 
4 6 9 13 16 20 23 27 32 37 39 
11 12 24 29 31 34 38 47 
1 4 15 22 24 29 31 35 36 42 
1 4 8 11 18 25 27 29 44 45 46 
5 12 26 27 28 31 42 43 44 45 46 
8 9 13 24 25 26 27 42 45 46 47 
2 4 5 16 23 30 32 33 34 35 46 
1 8 11 15 25 30 32 37 42 44 
3 4 5 6 15 22 29 32 34 39 43 
1 8 15 17 18 19 22 33 36 47 48 
7 14 21 22 25 32 35 39 46 48 
10 11 12 13 22 36 38 39 40 43 
1 10 12 13 17 24 29 44 
5 10 12 19 22 26 29 36 41 42 46 
5 6 16 21 28 31 32 33 35 36 42 
8 12 21 28 33 35 36 37 38 40 42 
4 11 23 24 25 26 35 39 42 44 
5 8 9 18 25 30 32 37 39 42 44 
3 13 20 22 23 24 27 34 45 46 
7 12 14 19 24 26 28 44 45 46 47 
1 12 13 22 23 24 39 40 41 42 44 
2 9 16 18 23 33 38 45 47 48 
11 13 14 23 24 25 27 34 37 41 48 
4 11 13 18 31 32 33 34 46 47 
9 12 19 21 30 37 39 40 41 42 44 
10 11 12 14 23 27 28 30 37 44 47 
7 14 15 21 32 35 39 42 43 
6 13 18 20 27 29 31 38 42 45 
1 3 5 6 16 19 23 26 30 33 40 
10 11 12 21 25 26 28 35 38 42 47 
2 3 4 6 24 25 26 27 43 48 
2 3 5 16 28 35 42 44 45 46 47 
1 8 14 15 18 19 30 31 32 33 44 
5 7 12 19 22 32 34 39 41 46 
2 4 6 13 20 23 27 30 37 39 40 
3 4 5 22 28 29 36 39 40 42 43 
1 4 5 15 16 17 29 31 32 33 34 
5 10 12 14 21 28 33 35 45 46 47 
2 15 16 18 25 30 32 34 39 41 48 
2 5 9 12 16 19 23 39 41 43 48 
5 7 14 17 18 19 32 43 44 45 46 
8 10 19 20 21 23 30 37 39 44 46 
9 13 20 27 29 30 32 34 39 46 48 
3 10 17 19 20 21 22 24 29 35 
1 2 12 15 22 25 29 32 36 39 41 
11 12 13 14 28 29 30 31 33 35 46 
1 8 15 17 19 21 26 39 40 41 42 
1 16 23 26 28 30 35 37 40 42 47 
11 12 13 14 25 26 27 37 44 47 
7 12 14 17 19 21 24 29 31 38 40 
5 7 9 12 14 21 24 25 26 28 
6 24 27 28 31 38 40 41 42 43 45 
9 11 13 16 20 23 25 39 40 41 42 
8 9 10 14 21 22 28 35 37 38 40 
1 11 12 13 23 25 26 27 28 30 
12 14 15 16 17 19 26 30 33 48 
3 6 10 20 27 30 32 34 37 41 44 
1 4 5 7 14 21 24 25 26 28 44 
2 3 5 15 18 19 20 21 22 29 33 
2 5 9 16 28 29 31 35 36 42 
1 2 11 12 13 14 16 33 46 47 48 
5 10 21 24 28 31 38 43 
11 13 20 23 25 27 30 34 37 47 48 
12 15 16 17 21 26 30 33 37 40 47 
8 11 18 30 31 32 33 35 42 44 
7 8 15 17 18 19 21 36 37 38 39 
1 16 17 18 19 29 32 33 34 36 46 
7 9 10 11 12 14 21 24 34 37 41 
10 11 12 13 22 26 29 31 36 38 41 
1 2 3 4 14 25 27 32 39 42 
6 10 13 17 20 31 32 33 34 43 48 
1 3 4 5 8 17 27 29 34 41 48 
2 3 6 15 20 22 27 29 34 36 48 
8 9 10 22 26 27 36 37 38 39 42 
3 6 13 20 23 27 30 32 39 46 48 
1 8 15 19 21 22 26 33 35 36 43 
2 3 4 15 18 19 28 35 40 42 
3 4 5 6 15 26 31 38 40 45 47 
5 8 15 17 18 19 20 22 33 40 42 
1 8 10 17 19 24 28 35 42 46 
8 10 12 14 19 21 26 38 39 40 41 
3 13 17 18 20 27 29 30 31 34 48 
2 6 9 11 13 16 18 23 25 44 46 
6 13 24 26 31 38 42 47 
2 9 12 16 19 26 31 33 44 48 
5 14 21 24 31 35 38 45 47 48 
7 15 16 17 26 31 33 36 40 43 47 
11 13 20 27 32 43 44 48 
1 2 11 14 18 21 25 28 32 41 45 
14 15 16 17 29 30 31 32 44 45 
2 3 4 6 25 27 32 34 37 41 48 
6 13 18 20 22 23 25 27 32 41 46 
9 16 23 25 26 27 28 36 39 41 46 
6 15 18 19 20 32 33 34 35 37 44 
7 9 14 16 23 25 26 27 28 38 47 
4 7 11 15 27 30 34 37 41 44 48 
2 3 4 18 28 29 30 31 32 48 
1 2 3 12 14 15 16 19 26 29 33 
4 8 9 19 26 28 29 33 35 40 42 
3 8 12 15 19 22 26 28 29 41 48 
2 4 13 15 20 22 29 32 33 34 35 
6 8 9 10 11 20 21 40 43 44 45 
1 3 4 5 8 30 31 32 33 47 
4 7 11 18 21 25 34 35 47 48 
8 11 12 13 14 15 22 31 34 41 46 
8 11 20 22 23 24 25 27 34 39 46 
1 2 3 4 14 19 26 30 37 39 44 
1 8 12 14 15 17 21 28 35 37 44 
5 9 10 23 28 30 37 39 40 41 42 
11 16 18 25 32 34 35 44 46 47 48 
7 12 21 22 24 25 28 29 35 36 42 
1 4 8 11 15 18 22 34 35 37 46 
3 10 17 22 24 26 27 38 39 40 43 
3 8 10 15 17 22 24 33 34 36 38 
3 7 10 12 14 17 28 35 36 42 
6 7 11 18 20 25 30 32 46 47 48 
2 3 4 7 17 18 19 20 29 31 36 
2 16 18 19 20 23 35 37 38 39 40 
6 8 9 10 11 13 23 28 30 37 41 
9 12 16 23 26 27 36 39 40 41 42 
1 3 5 6 16 17 18 19 32 39 46 
4 5 15 19 20 21 22 29 34 36 39 
4 6 8 9 11 18 37 38 39 40 42 
3 5 8 10 22 29 36 45 46 
9 11 12 22 27 32 34 39 41 46 48 
4 6 11 22 24 29 35 36 42 43 
4 5 6 7 19 32 33 35 46 47 48 
2 7 9 26 27 28 39 40 41 42 43 
4 9 11 16 21 23 30 32 33 34 47 
2 3 4 7 15 16 17 18 37 41 44 
5 6 8 15 22 29 33 35 40 43 47 
13 15 16 17 18 20 33 36 37 38 
15 16 17 18 20 27 31 42 44 45 46 
1 7 8 11 22 23 24 44 45 46 47 
6 10 15 17 24 26 27 28 31 45 46 
2 9 13 16 18 20 27 34 37 46 47 
18 19 20 21 22 29 32 35 36 39 
8 9 10 14 22 23 24 25 37 40 41 
9 10 11 22 25 28 29 32 39 42 46 
3 6 13 20 25 30 37 
1 8 15 17 18 32 43 46 47 48 
8 9 10 19 23 26 30 33 40 44 
7 12 14 21 28 31 36 38 43 45 48 
5 12 15 16 17 31 32 33 34 44 48 
18 19 20 21 31 32 35 42 43 46 
1 16 17 18 19 21 33 38 40 45 47 
11 13 15 18 20 22 27 29 34 44 48 
1 10 17 20 27 30 31 32 34 41 45 
11 12 13 14 15 32 33 43 44 45 47 
1 3 8 15 19 22 26 28 33 35 36 
2 4 11 16 21 28 35 37 38 39 40 
1 2 3 15 16 17 18 31 32 34 43 
1 3 8 13 14 15 22 33 40 43 47 
3 6 10 15 20 22 29 39 40 41 42 
1 4 16 17 18 20 21 30 31 32 33 
1 2 3 4 15 18 22 27 34 38 41 
3 6 10 13 17 20 24 34 35 36 47 
1 4 8 23 24 25 26 38 47 48 
3 8 10 14 15 17 22 24 28 38 39 
8 9 10 19 20 22 24 29 36 41 43 
8 11 12 13 14 15 30 39 40 41 44 
2 3 12 19 24 26 31 36 38 41 45 
1 3 5 10 12 17 21 24 28 35 38 
1 14 18 21 25 32 36 41 
3 13 15 18 20 25 27 34 43 44 45 
1 2 5 12 15 16 17 19 26 37 42 
4 11 14 15 22 24 29 36 47 48 
1 7 18 25 28 32 35 43 44 45 46 
1 2 11 12 13 15 30 31 32 33 46 
3 5 12 16 19 21 23 26 43 44 45 
9 11 14 16 23 27 30 34 47 48 
6 7 8 17 19 24 26 31 33 38 47 
3 4 5 14 15 17 24 46 47 48 
6 13 15 20 29 30 31 32 42 44 45 
10 11 25 29 32 34 39 41 43 46 48 
1 18 19 20 21 31 32 34 43 44 45 
1 2 3 4 14 21 26 28 33 38 48 
15 18 19 20 21 22 29 39 42 44 
3 6 8 10 13 15 17 20 27 38 40 
9 12 16 30 31 32 35 43 44 45 46 
7 9 10 11 12 23 30 37 40 47 
1 10 11 12 15 22 32 33 34 35 47 
3 15 19 22 24 31 33 34 35 38 45 
7 8 9 10 11 14 27 36 37 38 40 
5 8 19 20 21 23 30 37 39 40 44 
2 12 14 16 19 21 26 33 46 47 48 
9 11 12 13 14 27 30 31 34 41 44 
2 5 7 9 12 16 19 23 37 40 47 
8 9 10 11 13 20 25 29 39 40 41 
3 4 5 6 15 16 26 28 29 30 31 
7 14 21 24 26 28 31 36 47 48 
3 4 5 6 16 19 20 38 39 40 42 
7 8 15 17 22 24 26 29 31 41 48 
8 9 12 19 21 26 29 30 31 41 
1 12 13 15 22 29 33 34 35 36 45 
7 14 16 25 26 27 28 30 37 42 44 
6 13 15 16 18 20 27 31 38 45 47 
9 10 11 24 26 31 33 35 40 44 47 
4 6 13 17 20 27 31 38 45 47 48 
7 9 10 11 12 14 31 36 38 41 45 
8 9 10 11 13 24 25 26 35 42 46 
1 21 28 29 30 31 33 35 42 44 45 
1 2 3 4 17 33 36 40 43 47 
4 14 24 25 26 37 39 40 41 42 44 
7 10 14 17 21 24 29 31 41 43 44 
2 9 11 13 28 31 35 38 42 45 
3 10 14 15 17 21 22 28 35 36 
4 14 15 18 21 22 25 28 29 36 46 
1 2 7 11 14 21 30 32 33 34 35 
7 9 10 11 20 27 30 31 34 41 45 
2 4 18 19 20 21 22 29 36 39 46 
3 4 13 17 20 24 29 31 38 48 
1 13 20 27 30 32 34 37 46 47 48 
6 17 20 21 33 34 35 43 44 45 46 
4 6 7 21 28 31 32 33 35 42 44 
2 3 4 5 18 25 32 34 36 43 46 
8 9 12 13 14 23 24 25 26 36 45 
9 10 11 12 25 29 32 43 44 45 48 
1 4 11 15 18 21 22 29 36 39 40 
3 4 5 21 26 28 33 35 42 44 47 
9 11 12 13 16 23 25 30 32 44 47 
3 10 14 19 21 28 31 35 45 46 47 
2 9 12 16 23 34 35 37 38 39 
1 8 11 15 22 24 25 26 43 44 48 
3 4 5 6 8 15 34 37 38 39 
3 6 7 10 17 20 22 24 29 36 
1 2 3 4 7 14 31 33 47 48 
4 11 18 22 25 27 34 36 38 39 41 
1 11 16 18 21 23 25 28 30 32 47 
8 14 15 22 25 26 27 28 39 42 
1 2 3 6 17 20 21 24 31 38 48 
3 5 6 7 21 30 31 32 33 42 
1 2 11 13 16 23 25 26 27 28 30 
4 5 14 16 21 25 32 39 42 46 
6 13 15 33 34 35 36 46 47 48 
5 6 24 25 26 28 36 38 39 40 41 
3 10 13 23 26 28 33 35 40 42 47 
2 9 12 14 16 19 26 33 35 37 42 
2 7 9 12 16 23 25 28 32 35 42 
3 10 12 13 14 17 24 29 33 42 
1 3 4 14 21 23 28 32 35 39 46 
16 17 18 20 27 31 34 36 41 43 46 
2 4 11 16 18 32 33 34 35 36 37 
1 7 8 11 18 25 37 38 39 40 
6 8 15 19 20 21 22 24 29 40 41 
7 15 16 18 19 20 21 34 37 41 48 
4 8 17 20 21 24 31 38 40 41 42 
9 10 11 20 24 29 31 36 38 45 47 
1 2 3 15 17 24 31 33 38 40 42 
2 6 11 18 23 25 30 32 37 47 48 
8 9 10 12 14 19 26 33 35 43 44 
6 7 8 9 10 11 26 29 36 38 43 
1 3 4 5 6 18 23 30 33 40 47 
1 2 3 15 17 24 26 27 31 38 
4 9 14 21 22 23 24 39 40 41 42 
2 9 14 16 21 23 25 26 28 45 48 
2 15 16 20 27 34 36 38 39 
1 4 13 16 20 23 30 39 40 
8 9 10 11 14 30 33 37 40 47 
11 13 16 18 20 25 27 34 37 38 
7 8 9 10 11 14 21 30 33 40 43 
7 14 17 19 21 28 29 30 31 45 46 
2 3 4 7 14 16 17 18 19 28 42 
1 2 4 5 14 19 26 29 33 40 
8 9 10 11 28 29 33 35 40 42 45 
7 23 24 25 26 35 36 38 42 43 
3 5 10 12 14 19 24 40 
1 8 13 15 22 25 26 27 39 40 42 
8 10 17 24 28 31 44 45 46 48 
2 3 4 5 16 19 26 33 45 46 
3 4 5 6 8 15 28 39 40 41 44 
3 8 10 14 17 21 28 35 37 38 40 
7 14 16 19 21 28 37 40 44 47 
1 6 7 15 19 22 26 29 33 36 
2 9 14 16 19 21 23 33 34 35 37 
1 6 11 13 16 18 25 30 
4 7 11 16 23 26 30 35 37 42 
10 14 17 19 26 28 33 36 37 38 40 
6 9 11 13 16 18 20 25 32 34 47 
3 10 13 17 20 22 24 27 40 43 44 
2 3 4 5 15 18 30 31 32 47 48 
4 11 13 16 18 20 25 27 38 39 43 
6 9 16 19 21 23 26 33 36 37 40 
7 10 11 12 14 26 36 39 40 41 42 
3 10 13 14 17 24 26 33 38 40 42 
5 7 9 12 19 23 26 30 37 46 47 
4 11 18 21 22 31 38 41 45 48 
1 14 21 23 24 25 26 28 40 43 47 
5 7 8 15 24 25 26 27 29 36 43 
7 9 10 11 12 21 35 38 39 40 42 
1 5 15 18 19 20 22 45 46 47 48 
3 13 20 22 27 29 36 38 40 41 43 
8 9 10 11 24 33 35 38 42 45 
7 11 16 18 21 25 28 29 30 35 42 
9 11 12 16 23 25 38 39 40 41 43 
6 8 10 11 20 23 27 30 34 37 41 
5 17 24 29 31 33 35 36 38 40 43 
5 14 16 21 28 32 33 46 47 
5 9 12 22 25 26 27 36 37 38 39 
7 8 11 12 15 22 25 29 32 34 39 
1 6 8 15 21 24 25 28 46 
5 12 14 15 19 21 28 33 35 37 44 
2 6 9 11 13 16 26 28 35 42 
2 4 5 6 16 18 23 30 37 41 48 
3 4 5 19 34 36 37 38 39 48 
4 15 18 19 20 21 29 32 33 36 43 
5 7 12 15 16 17 19 26 31 46 47 
4 5 8 20 23 30 32 37 39 44 46 
11 12 13 14 22 23 24 26 36 40 47 
5 6 7 23 25 32 39 41 43 46 48 
8 9 10 11 14 21 28 30 32 37 48 
1 8 11 14 18 25 32 42 45 46 47 
2 15 18 20 25 27 32 41 42 
8 17 18 19 28 29 35 44 45 46 47 
1 4 5 6 7 18 22 25 29 32 41 
1 11 18 22 25 29 32 44 45 46 
9 13 18 20 25 27 30 32 34 44 45 
5 7 14 15 18 22 25 29 32 39 44 
5 6 7 9 16 23 26 30 41 46 48 
3 8 15 27 30 34 37 41 44 46 48 
6 22 24 26 27 28 29 39 40 41 42 
1 3 13 16 17 20 27 34 36 37 38 
2 9 26 27 28 29 43 45 46 47 48 
4 14 22 23 24 28 35 39 42 46 
2 3 4 5 14 26 29 30 33 40 
5 8 15 21 25 28 35 39 40 
3 10 14 19 26 29 30 31 33 40 42 
4 14 23 24 25 26 35 37 42 44 
9 10 11 20 22 29 36 39 43 46 
2 9 14 31 32 33 34 43 44 45 47 
6 8 13 15 17 20 24 31 38 40 
7 11 14 21 23 24 25 28 38 40 45 
1 12 14 19 21 26 31 45 
11 12 13 25 32 34 39 44 46 48 
14 18 21 22 25 28 29 32 35 46 48 
2 7 12 16 17 19 26 33 36 37 38 
2 4 5 6 22 23 26 33 38 40 47 
4 7 17 18 19 31 32 45 46 47 48 
4 5 6 7 9 23 30 32 37 46 47 
6 9 16 18 19 20 21 23 37 41 48 
4 5 21 22 29 34 36 38 41 43 48 
2 13 20 27 29 32 48 
2 3 4 15 17 18 19 20 22 36 48 
4 7 14 23 28 30 35 37 42 46 
1 6 8 13 15 17 22 27 43 44 45 
1 4 5 6 7 17 19 24 31 43 44 
4 5 6 7 16 17 18 21 35 39 40 
2 13 23 24 25 28 35 40 42 47 
1 12 17 19 21 24 26 31 38 41 42 
4 7 9 11 16 18 27 34 38 41 48 
1 2 3 5 20 24 31 38 41 42 45 
6 19 22 24 26 28 31 33 35 38 40 
14 15 17 18 19 22 29 34 36 39 41 
15 16 17 18 29 31 32 36 43 46 48 
4 5 6 7 24 25 26 35 42 43 47 
4 9 16 18 19 20 21 23 44 45 48 
3 6 10 13 17 20 22 27 38 41 42 
13 14 15 24 25 26 27 37 46 47 48 
1 3 16 17 18 19 33 36 40 43 47 
2 17 18 19 20 22 29 36 40 47 
18 21 23 25 32 35 37 39 42 44 
9 11 16 21 23 30 39 40 41 43 44 
2 4 9 11 18 20 22 25 44 45 46 
1 8 12 15 17 22 24 31 36 42 
17 18 19 20 29 31 33 34 35 46 47 
3 5 6 7 10 15 17 24 28 35 40 
4 5 17 20 22 27 34 41 44 45 46 
9 10 11 12 21 29 31 32 36 42 43 
2 6 9 11 16 25 41 48 
3 4 5 22 23 24 25 34 37 38 48 
4 15 16 17 18 27 29 31 34 36 43 
2 3 4 5 17 22 27 31 34 38 41 
11 14 21 23 24 25 28 35 45 47 48 
2 5 9 16 18 19 20 23 38 40 47 
5 7 8 12 14 21 22 23 24 25 47 
8 15 19 21 28 30 31 32 33 35 45 
4 17 19 26 28 30 33 35 37 42 
7 11 18 25 28 35 36 39 42 46 
3 4 19 32 33 34 35 36 47 48 
3 4 13 20 23 24 25 27 34 37 
1 8 21 26 28 35 42 43 45 46 47 
2 11 12 25 32 34 36 39 41 46 48 
12 19 21 24 26 28 29 39 40 41 42 
1 2 3 27 30 31 44 45 46 47 
5 17 18 19 20 31 34 36 38 41 45 
9 11 16 25 30 32 37 39 44 46 
1 6 8 19 20 21 35 37 38 39 40 
1 2 3 4 24 28 31 46 47 48 51 52 78 79 80 93 94 96 99 
1 4 5 10 11 21 35 39 45 49 51 55 59 65 78 83 85 86 88 90 
7 10 11 20 25 30 35 38 50 51 52 53 54 56 57 58 73 74 81 91 
4 5 6 19 20 40 43 44 45 46 48 58 61 73 76 77 78 81 83 96 
3 5 7 10 15 17 20 21 25 27 31 37 50 58 60 62 68 78 90 92 
2 3 26 27 28 29 33 47 49 57 59 61 63 69 71 75 85 90 91 95 
12 14 15 16 20 22 28 30 34 44 52 54 62 64 67 68 69 84 88 91 
7 14 17 19 20 27 33 34 37 39 51 57 61 63 64 65 80 83 84 85 
8 9 10 23 24 26 36 41 57 58 60 62 63 64 65 82 86 87 88 94 
1 3 10 17 20 23 24 25 27 37 44 54 61 68 78 88 90 91 92 98 
5 6 15 26 28 33 35 40 42 43 
4 5 14 16 17 18 19 28 39 40 41 
2 14 24 25 26 27 36 37 38 42 
10 11 12 15 25 26 27 28 38 40 41 
3 5 10 14 21 23 28 35 37 38 39 
2 5 9 12 16 19 21 26 30 31 35 
1 14 15 16 21 28 32 33 37 
9 11 16 20 23 27 30 45 47 48 
7 15 17 18 19 20 30 37 44 47 48 
6 13 17 20 24 27 29 31 44 45 
7 14 17 21 24 28 29 31 43 45 46 
8 9 10 12 13 24 27 31 36 38 45 
2 9 12 13 14 16 23 25 28 35 46 
6 18 19 20 21 31 32 33 35 36 42 
11 13 15 18 20 25 27 32 37 41 44 
1 8 11 14 18 21 25 28 32 43 46 
8 14 15 19 21 28 29 30 31 32 46 
3 13 14 26 29 30 31 33 40 42 47 
10 11 12 13 25 29 35 36 40 42 43 
10 11 12 28 29 30 31 32 44 45 
2 3 4 7 9 23 26 27 33 41 62 63 64 65 78 79 80 91 92 99 
6 9 16 21 23 29 33 43 45 47 48 49 53 55 70 82 88 89 90 92 
7 8 13 23 26 30 31 36 40 43 48 50 62 67 72 82 85 86 87 88 
2 6 7 8 23 24 25 27 37 40 50 54 55 56 57 71 79 85 89 93 
3 4 5 7 10 35 37 38 39 51 56 66 76 80 81 86 88 90 91 98 
13 14 16 17 29 31 39 44 45 46 47 69 74 75 76 79 82 89 94 96 
4 5 32 33 34 35 47 50 51 55 60 67 71 79 81 84 85 86 89 91 
2 17 25 27 51 52 54 67 73 74 75 77 79 87 91 92 94 95 
19 21 25 31 35 41 45 60 61 64 67 68 70 74 81 84 87 94 99 
5 7 11 21 34 44 49 59 61 64 67 69 71 81 91 95 96 97 99 
2 4 12 17 22 25 35 38 39 45 52 64 65 66 67 69 87 94 95 97 
1 11 15 25 27 30 35 37 47 53 54 59 71 81 83 88 95 
9 10 17 22 23 24 27 29 37 39 52 53 54 55 57 84 89 91 92 96 
7 8 9 22 27 32 34 35 37 47 50 51 55 65 67 69 70 72 75 85 
1 2 3 4 9 16 17 30 32 42 45 46 52 74 75 76 79 82 96 97 
18 24 26 36 39 40 46 51 52 56 59 69 72 76 77 79 82 84 92 96 
13 14 17 18 19 33 39 43 51 53 56 57 61 70 90 92 93 94 95 98 
7 9 11 12 13 15 19 25 29 46 56 59 64 66 74 76 81 93 97 98 
6 8 11 13 16 21 23 26 36 41 42 43 58 64 66 81 82 83 87 88 
3 11 20 21 31 35 40 45 50 55 62 76 77 81 82 83 84 96 97 
1 9 10 11 36 37 38 39 42 52 59 71 73 80 81 85 86 87 91 
2 7 12 17 20 24 27 34 41 44 47 59 60 73 92 93 97 98 99 
7 8 10 20 31 34 38 39 40 41 54 58 71 72 73 74 87 88 89 94 
1 6 9 13 26 27 28 29 31 32 59 66 69 72 73 74 76 86 98 99 
4 6 8 11 21 24 25 26 41 42 43 44 56 57 58 62 72 78 80 90 
1 7 17 20 27 32 39 40 42 44 52 58 59 65 75 85 92 95 97 98 
1 8 14 20 24 28 38 41 42 43 46 56 62 63 64 66 76 78 79 99 
24 25 26 39 40 43 53 55 58 60 63 65 73 78 79 80 94 96 97 99 
3 11 16 17 18 32 33 35 38 39 56 60 61 62 63 64 66 76 82 92 
2 4 7 17 20 21 22 27 30 40 41 57 58 80 83 84 85 86 88 90 
1 6 7 8 9 11 21 25 29 33 35 43 48 50 53 61 65 75 92 93 
12 29 30 31 34 35 41 47 53 54 55 72 73 74 75 77 87 89 95 97 
5 15 18 20 25 32 44 46 54 56 60 61 62 64 66 70 78 88 95 
7 15 17 21 22 27 30 40 42 43 44 47 50 60 65 75 79 82 98 99 
2 17 22 27 29 35 37 39 49 56 66 71 72 73 74 88 90 95 98 
6 7 12 20 30 33 34 35 36 40 41 51 56 61 63 64 76 79 80 82 
7 8 9 12 13 36 40 46 50 52 70 73 77 91 92 93 95 96 97 98 
6 9 16 34 39 46 49 59 61 63 65 66 67 69 71 73 81 90 98 
4 5 6 12 19 25 29 35 45 47 55 57 59 75 76 77 89 91 96 99 
1 2 3 16 20 30 33 34 51 52 53 59 66 78 79 91 92 93 94 98 
1 2 4 14 18 19 32 44 61 62 63 64 68 76 78 80 88 91 92 93 
4 17 21 25 27 30 31 37 52 53 54 55 70 73 75 76 78 83 88 93 
14 19 24 26 29 39 41 54 57 62 64 69 74 76 77 79 84 89 91 92 
1 5 6 20 22 24 28 32 34 38 44 48 54 68 69 82 83 84 86 
16 20 28 30 33 34 38 40 51 52 53 54 67 69 77 82 83 85 87 99 
2 20 21 22 23 26 28 30 36 38 46 56 58 60 76 78 81 82 83 88 
2 3 4 6 19 21 22 29 35 39 42 43 47 49 55 77 81 82 87 97 
7 9 14 29 30 31 41 45 51 53 55 58 63 65 68 70 78 80 88 93 
1 13 28 30 38 40 42 48 50 54 55 56 77 78 84 90 94 96 97 
5 11 13 15 17 19 25 42 48 49 52 62 69 72 74 77 79 84 87 94 
2 3 4 5 18 21 23 28 47 48 
2 5 9 16 26 28 35 39 42 46 
7 9 10 14 21 24 31 33 38 42 45 
4 5 23 24 25 26 28 35 38 42 47 
8 11 13 15 18 22 25 29 35 42 46 
4 9 16 18 19 23 30 32 33 34 44 
2 3 6 23 24 25 26 35 36 37 38 
4 5 7 21 25 28 35 36 37 38 39 
13 16 20 25 27 29 32 36 39 42 46 
1 6 8 13 15 22 27 32 34 41 44 
2 3 7 15 20 24 27 31 34 38 45 
11 21 22 24 28 29 35 43 44 45 46 
1 12 17 19 24 26 33 36 37 38 42 
2 14 19 26 33 36 42 43 
11 12 13 24 25 29 35 46 47 48 
2 9 16 19 30 34 37 44 46 47 
5 8 10 15 17 20 24 27 34 36 41 
3 15 16 28 29 30 31 32 35 42 43 
2 11 12 13 14 15 16 29 32 39 46 
1 3 8 22 27 34 41 43 44 45 48 
1 2 3 4 7 19 21 26 33 37 38 
6 8 9 10 20 27 32 34 39 41 43 
2 5 12 22 25 27 29 32 36 39 43 
2 11 12 13 14 23 26 27 30 37 42 
5 10 15 17 22 24 29 34 36 47 48 
5 15 22 25 27 29 32 34 39 46 
1 8 12 15 26 30 33 40 43 44 47 
2 7 9 14 16 21 23 32 33 35 36 
9 10 13 20 27 30 32 34 37 44 48 
4 5 6 15 17 26 33 37 38 40 47 
6 17 22 24 31 33 34 35 38 47 48 
7 8 15 17 18 19 22 29 33 34 48 
8 9 10 11 13 14 22 25 40 41 42 
3 4 19 21 22 29 36 43 47 48 
1 8 10 15 22 27 28 38 39 40 43 
12 14 19 22 23 24 44 45 46 47 
4 8 13 15 17 20 24 27 29 31 38 
1 8 12 13 14 27 29 31 34 41 48 
9 11 16 23 25 26 27 30 45 47 48 
2 3 4 19 23 24 36 45 46 47 48 
10 17 22 24 26 27 31 40 41 42 43 
9 11 12 13 14 16 23 26 33 42 43 
8 11 12 13 23 24 25 26 41 42 45 
3 4 8 15 18 22 34 45 46 47 48 
8 9 10 23 27 36 37 39 40 41 42 
10 11 12 15 22 25 29 36 41 42 46 
12 17 19 24 26 29 31 33 43 48 
3 4 5 8 19 22 29 36 38 43 45 
8 10 17 20 21 24 31 35 43 44 45 
1 2 3 13 24 26 31 38 45 47 48 
2 9 16 19 21 23 38 45 47 48 
8 9 11 12 13 14 28 31 35 42 47 
1 5 6 23 28 30 32 35 37 42 44 
7 12 16 19 21 23 30 39 40 41 
2 12 16 19 23 26 28 30 33 35 
2 6 13 16 20 23 25 27 30 48 
8 10 11 12 21 23 30 37 42 44 
1 3 4 5 19 26 30 31 33 35 40 
7 8 10 14 15 17 21 24 31 35 43 
7 12 23 30 37 41 46 48 
1 2 3 5 17 21 24 28 31 38 
15 18 21 22 28 29 35 39 42 44 46 
10 11 12 21 23 24 25 26 28 37 39 
2 4 6 9 16 18 25 32 39 41 42 
1 4 5 6 20 23 27 34 37 38 41 
17 18 19 20 29 32 33 34 45 46 
4 8 13 15 18 20 22 25 27 34 47 
1 2 3 4 20 22 25 27 29 34 39 
6 16 17 18 19 29 35 36 42 43 45 
8 10 11 12 15 25 29 32 35 39 46 
3 13 21 23 26 33 36 46 50 51 58 60 63 64 65 77 79 87 89 93 
2 4 5 7 8 9 12 22 32 40 50 54 70 78 83 84 96 97 98 
4 11 24 25 26 28 29 30 47 51 52 57 67 69 73 77 93 94 97 98 
3 13 25 26 27 31 32 39 51 56 58 59 75 76 77 79 91 92 93 94 
3 5 9 13 27 28 30 40 42 43 44 50 60 72 73 74 77 78 90 95 
16 17 18 19 32 36 37 50 57 62 65 69 70 72 75 85 88 89 90 92 
6 7 12 13 28 34 35 36 53 54 57 67 72 77 79 82 85 87 92 99 
1 3 7 17 19 24 34 38 44 48 58 61 64 65 66 80 88 90 98 
12 15 22 34 35 36 37 40 42 50 56 66 68 73 74 76 93 94 95 99 
6 7 21 24 26 28 29 30 34 44 48 56 66 71 76 78 79 86 92 93 
